change_col_bounds 1 0.0 0.0
solve
change_col_bounds 1 1.2460000000000002 1.2460000000000002
solve
change_col_bounds 1 0.623 0.623
solve
change_col_bounds 1 0.9345 0.9345
solve
change_col_bounds 1 6.23 6.23
solve
change_col_bounds 1 3.738 3.738
solve
change_col_bounds 1 2.492 2.492
solve
change_col_bounds 1 1.869 1.869
solve
change_col_bounds 1 1.5575 1.5575
solve
change_col_bounds 1 2.1805 2.1805
solve
change_col_bounds 1 3.115 3.115
solve
change_col_bounds 1 2.8035 2.8035
solve
change_col_bounds 1 3.4265 3.4265
solve
change_col_bounds 1 4.984 4.984
solve
change_col_bounds 1 4.361 4.361
solve
change_col_bounds 1 4.0495 4.0495
solve
change_col_bounds 1 4.6725 4.6725
solve
change_col_bounds 1 5.607 5.607
solve
change_col_bounds 1 5.2955 5.2955
solve
change_col_bounds 1 5.9185 5.9185
solve
change_col_bounds 1 11.214 11.214
solve
change_col_bounds 1 8.722 8.722
solve
change_col_bounds 1 7.476 7.476
solve
change_col_bounds 1 6.853 6.853
solve
change_col_bounds 1 6.5415 6.5415
solve
change_col_bounds 1 8.099 8.099
solve
change_col_bounds 1 7.7875 7.7875
solve
change_col_bounds 1 8.4105 8.4105
solve
change_col_bounds 1 9.968 9.968
solve
change_col_bounds 1 9.345 9.345
solve
change_col_bounds 1 9.0335 9.0335
solve
change_col_bounds 1 10.591 10.591
solve
change_col_bounds 1 10.2795 10.2795
solve
change_col_bounds 1 10.9025 10.9025
solve
change_col_bounds 1 12.46 12.46
solve
change_col_bounds 1 11.837 11.837
solve
change_col_bounds 1 11.5255 11.5255
solve
change_col_bounds 1 12.1485 12.1485
solve
change_col_bounds 1 0.0 0.0
change_rows_bounds 21 1 0.037908 0.037908 2 0.101088 0.101088 3 0.164268 0.164268 4 0.03888 0.03888 5 0.10368 0.10368 6 0.16848 0.16848 7 0.088776 0.088776 8 0.118368 0.118368 9 0.14796 0.14796 10 0.080136 0.080136 11 0.106848 0.106848 12 0.13356 0.13356 13 0.072144 0.072144 14 0.096192 0.096192 15 0.12024 0.12024 16 0.07668 0.07668 17 0.10224 0.10224 18 0.1278 0.1278 19 0.091152 0.091152 20 0.12153599999999999 0.12153599999999999 21 0.15192 0.15192
change_cols_cost 64 107 1.0 44 0.41819213465768795 65 0.41819213465768795 86 0.0 45 0.19958487389450058 66 0.19958487389450058 87 0.0 46 0.8268130939019827 67 0.8268130939019827 88 0.0 47 0.15310909090909092 68 0.15310909090909092 89 0.0 48 0.28833594611298163 69 0.28833594611298163 90 0.0 49 1.1428125193265992 70 1.1428125193265992 91 0.0 50 0.9748215848260381 71 0.9748215848260381 92 0.0 51 1.2884806524354655 72 1.2884806524354655 93 0.0 52 1.9462826546352416 73 1.9462826546352416 94 0.0 53 1.0061454365432099 74 1.0061454365432099 95 0.0 54 1.5207095966629254 75 1.5207095966629254 96 0.0 55 2.2044348731911705 76 2.2044348731911705 97 0.0 56 0.9874230840852973 77 0.9874230840852973 98 0.0 57 1.0896758938121958 78 1.0896758938121958 99 0.0 58 1.5924185379274223 79 1.5924185379274223 100 0.0 59 0.6228776295398427 80 0.6228776295398427 101 0.0 60 0.6027151515151514 81 0.6027151515151514 102 0.0 61 1.5129687094650202 82 1.5129687094650202 103 0.0 62 0.9190145723456788 83 0.9190145723456788 104 0.0 63 1.1076781384811072 84 1.1076781384811072 105 0.0 64 1.8325085223344553 85 1.8325085223344553 106 0.0
solve
change_col_bounds 1 1.1986088 1.1986088
solve
change_col_bounds 1 0.5993044 0.5993044
solve
change_col_bounds 1 0.2996522 0.2996522
solve
change_col_bounds 1 5.993043999999999 5.993043999999999
solve
change_col_bounds 1 3.5958264 3.5958264
solve
change_col_bounds 1 2.3972176 2.3972176
solve
change_col_bounds 1 1.7979132 1.7979132
solve
change_col_bounds 1 1.498261 1.498261
solve
change_col_bounds 1 2.0975654 2.0975654
solve
change_col_bounds 1 2.996522 2.996522
solve
change_col_bounds 1 2.6968698 2.6968698
solve
change_col_bounds 1 3.2961742 3.2961742
solve
change_col_bounds 1 4.7944352 4.7944352
solve
change_col_bounds 1 4.1951308 4.1951308
solve
change_col_bounds 1 3.8954786 3.8954786
solve
change_col_bounds 1 4.494783 4.494783
solve
change_col_bounds 1 5.3937396 5.3937396
solve
change_col_bounds 1 5.0940874 5.0940874
solve
change_col_bounds 1 10.7874792 10.7874792
solve
change_col_bounds 1 8.3902616 8.3902616
solve
change_col_bounds 1 7.1916528 7.1916528
solve
change_col_bounds 1 6.5923484 6.5923484
solve
change_col_bounds 1 6.2926962 6.2926962
solve
change_col_bounds 1 6.8920006 6.8920006
solve
change_col_bounds 1 7.7909572 7.7909572
solve
change_col_bounds 1 7.491305 7.491305
solve
change_col_bounds 1 9.5888704 9.5888704
solve
change_col_bounds 1 8.989566 8.989566
solve
change_col_bounds 1 8.6899138 8.6899138
solve
change_col_bounds 1 9.2892182 9.2892182
solve
change_col_bounds 1 10.1881748 10.1881748
solve
change_col_bounds 1 9.8885226 9.8885226
solve
change_col_bounds 1 10.487827 10.487827
solve
change_col_bounds 1 11.986087999999999 11.986087999999999
solve
change_col_bounds 1 11.3867836 11.3867836
solve
change_col_bounds 1 11.0871314 11.0871314
solve
change_col_bounds 1 11.6864358 11.6864358
solve
end
